1 190
1 398
1 294
1 197
1 798
1 2087
1 391
1 2689
1 2992
1 2853
2 2434
2 2863
2 3078
2 1
2 11
2 14
2 16
2 17
2 20
2 21
3 1
3 11
3 14
3 16
3 17
3 20
3 21
3 23
3 25
3 26
4 1850
4 2392
4 760
4 2642
4 526
4 1732
4 634
4 401
4 171
4 291
5 64
5 371
5 1131
5 2079
5 2255
5 8
5 77
5 2069
5 2671
5 493
6 2982
6 3019
6 1833
6 1232
6 6
6 2271
6 1277
6 2575
6 323
6 415
7 1904
7 1100
7 1101
7 2861
7 3122
7 2935
7 626
7 400
7 1243
7 1122
8 912
8 206
8 791
8 72
8 526
8 928
8 1138
8 173
8 682
8 1192
9 1461
9 25
9 2690
9 18
9 1996
9 1360
9 597
9 652
9 651
9 2405
10 1466
10 1102
10 1138
10 141
10 2814
10 392
10 1142
10 463
10 1302
10 1795
11 1
11 11
11 14
11 16
11 17
11 20
11 21
11 23
11 25
11 26
12 1
12 11
12 14
12 16
12 17
12 20
12 21
12 23
12 25
12 26
13 1
13 11
13 14
13 16
13 17
13 20
13 21
13 23
13 25
13 26
14 723
14 557
14 729
14 915
14 722
14 53
14 607
14 760
14 1291
14 283
15 723
15 557
15 1231
15 729
15 915
15 722
15 53
15 607
15 760
15 1291
16 1
16 11
16 14
16 16
16 17
16 20
16 21
16 23
16 25
16 26
17 1
17 11
17 14
17 16
17 17
17 20
17 21
17 23
17 25
17 26
18 1
18 11
18 14
18 16
18 17
18 20
18 21
18 23
18 25
18 26
19 1
19 11
19 14
19 16
19 17
19 20
19 21
19 23
19 25
19 26
20 1
20 11
20 14
20 16
20 17
20 20
20 21
20 23
20 25
20 26
21 1
21 11
21 14
21 16
21 17
21 20
21 21
21 23
21 25
21 26
22 1131
22 2271
22 2504
22 2995
22 331
22 334
22 529
22 1904
22 1100
22 1101
23 1
23 11
23 14
23 16
23 17
23 20
23 21
23 23
23 25
23 26
24 1
24 11
24 14
24 16
24 17
24 20
24 21
24 23
24 25
24 26
25 1
25 11
25 14
25 16
25 17
25 20
25 21
25 23
25 25
25 26
26 1
26 11
26 14
26 16
26 17
26 20
26 21
26 23
26 25
26 26
27 1
27 11
27 14
27 16
27 17
27 20
27 21
27 23
27 25
27 26
28 156
28 828
28 411
28 1209
28 36
28 1086
28 1065
28 975
28 1103
28 1204
29 294
29 1537
29 1538
29 1539
29 197
29 567
29 568
29 2087
29 2115
29 353
30 1461
30 25
30 195
30 2690
30 18
30 1996
30 1360
30 597
30 652
30 651
31 2504
31 415
31 493
31 606
31 1428
31 1091
31 828
31 86
31 1109
31 975
32 1584
32 2161
32 2762
32 1563
32 2337
32 2630
32 1373
32 1103
32 2087
32 391
33 325
33 1833
33 1599
33 2284
33 1823
33 1104
33 2291
33 112
33 647
33 85
34 723
34 557
34 729
34 915
34 722
34 53
34 607
34 760
34 1291
34 283
35 2836
35 2560
35 2681
35 2516
35 3175
35 1474
35 2437
35 1
35 11
35 14
36 1
36 11
36 14
36 16
36 17
36 20
36 21
36 23
36 25
36 26
37 658
37 847
37 2513
37 2458
37 676
37 2803
37 2129
37 1198
37 1053
37 2161
38 2327
38 718
38 2148
38 3144
38 1563
38 2309
38 83
38 2267
38 1536
38 2707
39 3185
39 2940
39 1282
39 2785
39 2814
39 1902
39 1210
39 2603
39 2651
39 1678
40 3198
40 2078
40 1138
40 1282
40 1237
40 1852
40 2982
40 1902
40 2733
40 149
41 651
41 238
41 2578
41 143
41 1101
41 643
41 633
41 4
41 7
41 10
42 1
42 11
42 14
42 16
42 17
42 20
42 21
42 23
42 25
42 26
43 1667
43 1893
43 210
43 1689
43 1285
43 1940
43 1243
43 1577
43 4
43 7
44 1141
44 1732
44 167
44 1823
44 1104
44 85
44 525
44 1250
44 1780
44 1801
45 1
45 11
45 14
45 16
45 17
45 20
45 21
45 23
45 25
45 26
46 602
46 1107
46 1312
46 412
46 4
46 7
46 10
46 13
46 19
46 914
47 1339
47 174
47 189
47 221
47 89
47 674
47 136
47 692
47 1299
47 2291
48 2123
48 1069
48 632
48 658
48 2508
48 364
48 1833
48 450
48 6
48 2691
49 1461
49 25
49 2690
49 18
49 1996
49 1360
49 597
49 652
49 651
49 2405
50 1
50 11
50 14
50 16
50 17
50 20
50 21
50 23
50 25
50 26
51 1
51 11
51 14
51 16
51 17
51 20
51 21
51 23
51 25
51 26
52 1
52 11
52 14
52 16
52 17
52 20
52 21
52 23
52 25
52 26
53 139
53 514
53 569
53 1186
53 679
53 2229
53 1
53 11
53 14
53 16
54 2295
54 723
54 557
54 729
54 915
54 722
54 53
54 607
54 760
54 1291
55 1355
55 544
55 344
55 1896
55 1898
55 510
55 28
55 1287
55 1993
55 2476
56 1617
56 8
56 77
56 493
56 2825
56 2161
56 988
56 143
56 1101
56 591
57 1106
57 349
57 1137
57 353
57 355
57 348
57 525
57 2458
57 277
57 351
58 2476
58 2825
58 626
58 1629
58 602
58 1438
58 70
58 1107
58 1312
58 2525
59 28
59 544
59 344
59 490
59 2282
59 510
59 1402
59 2267
59 1287
59 852
60 1083
60 3026
60 1774
60 1972
60 2738
60 3144
60 698
60 1572
60 3158
60 2644
61 544
61 344
61 634
61 510
61 28
61 1287
61 2476
61 1457
61 778
61 626
62 1
62 11
62 14
62 16
62 17
62 20
62 21
62 23
62 25
62 26
63 371
63 1795
63 2505
63 2952
63 1367
63 2426
63 2007
63 2557
63 2236
63 1957
64 2651
64 1
64 11
64 14
64 16
64 17
64 20
64 21
64 23
64 25
